==================================================
DATASET STATISTICS
==================================================

Total articles: 39100
Fake news: 17903
Real news: 21197

Feature Statistics:
--------------------------------------------------
              label   text_length    word_count  avg_word_length  exclamation_count  question_count  period_count  punctuation_count  capital_ratio  sentiment_polarity  sentiment_subjectivity
count  39100.000000  33335.000000  33335.000000     33335.000000       33335.000000    33335.000000  33335.000000       33335.000000   33335.000000        33335.000000            33335.000000
mean       0.542123   2468.521644    226.063297         6.421097           0.449198        0.668427     20.777951          41.838488       0.054215            0.054118                0.409201
std        0.498229   1737.304691    156.801096         0.391713           1.543918        1.781101     16.373639          32.932822       0.055251            0.114718                0.128992
min        0.000000     31.000000      3.000000         4.166667           0.000000        0.000000      0.000000           0.000000       0.010417           -1.000000                0.000000
25%        0.000000   1413.000000    131.000000         6.205674           0.000000        0.000000     11.000000          21.000000       0.033776            0.000000                0.339829
50%        1.000000   2288.000000    209.000000         6.421965           0.000000        0.000000     18.000000          37.000000       0.041436            0.052604                0.411764
75%        1.000000   3129.000000    283.000000         6.643836           0.000000        1.000000     27.000000          54.000000       0.054264            0.107361                0.483333
max        1.000000  49766.000000   4562.000000        22.634014         133.000000       94.000000    555.000000        1292.000000       0.836066            1.000000                1.000000